63893
1
41707
64513
54889
74265
43290
31536
12869
94688
48173
46399
29904
94084
42767
2279
2279
2279
51362
14961
54971
60997
49178
81173
59477
52253
24347
48896
6833
4635
13785
9101
86170
15478
-----
53790
1
79784
82728
89845
13593
72500
15629
66674
79465
24570
29278
83609
53542
29946
55057
44532
9058
47266
45767
11118
19585
76668
55969
40831
4790
103
103
103
103
97777
4477
19944
14782

42767
38641
80698
62739
92744
22472
59849
56667
67389
59277
60972
37554
61238
73944
44300
25012
77770
98879
60060
5161
92140
85571
95379
83497
34756
78386
99093
14468
34409
46767

42767
38641
80698
62739
92744
22472
59849
56667
67389
59277
60972
37554
61238
73944
44300
25012
77770
98879
60060
5161
92140
95379
83497
34756
78386
99093
14468
34409
46767